
DETpinpower = [
    1    1    1    1    1    1    1    1    1    1  2.49780E+16 0.02040 
    2    1    1    1    1    1    1    1    1    2  2.60958E+16 0.02285 
    3    1    1    1    1    1    1    1    1    3  2.57000E+16 0.02170 
    4    1    1    1    1    1    1    1    1    4  2.39492E+16 0.02350 
    5    1    1    1    1    1    1    1    1    5  2.37618E+16 0.02223 
    6    1    1    1    1    1    1    1    1    6  2.42048E+16 0.02234 
    7    1    1    1    1    1    1    1    1    7  2.47339E+16 0.02136 
    8    1    1    1    1    1    1    1    1    8  2.32552E+16 0.02135 
    9    1    1    1    1    1    1    1    1    9  2.24637E+16 0.02128 
   10    1    1    1    1    1    1    1    1   10  2.13121E+16 0.02141 
   11    1    1    1    1    1    1    1    1   11  1.92993E+16 0.02053 
   12    1    1    1    1    1    1    1    1   12  1.75212E+16 0.02089 
   13    1    1    1    1    1    1    1    1   13  1.80965E+16 0.02006 
   14    1    1    1    1    1    1    1    1   14  1.90976E+16 0.02090 
   15    1    1    1    1    1    1    1    1   15  1.84079E+16 0.02322 
   16    1    1    1    1    1    1    1    1   16  1.62601E+16 0.02591 
   17    1    1    1    1    1    1    1    1   17  1.11481E+16 0.02992 
];


DETpinpowerX = [
 0.00000E+00  1.03888E+01  5.19440E+00
 1.03888E+01  2.07776E+01  1.55832E+01
 2.07776E+01  3.11664E+01  2.59720E+01
 3.11664E+01  4.15552E+01  3.63608E+01
 4.15552E+01  5.19440E+01  4.67496E+01
 5.19440E+01  6.23328E+01  5.71384E+01
 6.23328E+01  7.27216E+01  6.75272E+01
 7.27216E+01  8.31104E+01  7.79160E+01
 8.31104E+01  9.34992E+01  8.83048E+01
 9.34992E+01  1.03888E+02  9.86936E+01
 1.03888E+02  1.14277E+02  1.09082E+02
 1.14277E+02  1.24666E+02  1.19471E+02
 1.24666E+02  1.35054E+02  1.29860E+02
 1.35054E+02  1.45443E+02  1.40249E+02
 1.45443E+02  1.55832E+02  1.50638E+02
 1.55832E+02  1.66221E+02  1.61026E+02
 1.66221E+02  1.76610E+02  1.71415E+02
];

DETpinpowerY = [
 0.00000E+00  2.07776E+01  1.03888E+01
];

DETpinpowerZ = [
-1.00000E+37  1.00000E+37  0.00000E+00
];
